110110100001000111110110111111000111111110000101011011111010111
11001100111101110111101001101101101001100111010111110001111100110100000101001111101001111110001001001111111000111101011110010000101101111001000010110111001000011101111010001000101101
1100111011111101010001010011101111111100110110111110101111000010001101000010001
011001100101100101101111101011101000101101010000000111110010001011001100111110101111001111100110110011101111111100110011111000110111001111011010100001001111111010011101111001011110101010001011010100011011111111010010100010011101001100
11001100111100111111101110010110101000010100110011101111111100110011101101011000111101001110111111001101101111110
11111100001010001011101110111110010111101011111010111100111110011011001110010000010
11101111011011010000100011111001101100011110000010011101101011110100111011010100011101100101100010
11001000010111111010010010110101101011111000100010100110011111100111011111101011111101111101110110010011100100000101110
100111110100101000010001101101111101011111001000011101111010001000101101011011111010000100010110101000101101100111011110010111101011001110111111110011100100101101001100111100111010
11000101111001001111011010011111001110101111100010001101101111101011101110100010110101000111001001000001001111101100001011011111100000010
1101101000010001111100110110001111000001001110110101111010111100111101100101100010
11111100100010101111111101001110011101011111011111101111110110110011101111111100111001001011010100110001100101001100
1001111101001010000100011011011111010111110010000111011110100010001011010110111110100011000100001011111001001100101111010110110111110101111000110110101111110001001
11000101111001110011001011001111001111001000011111100110010101000110011001110100001010111111000000110110101100111100101110011110011001010111111000101101111101011111111101001111110001001