11011010000100011111011001100111100000010
11001001111111111000111111001110110001010001100101111010111001011011111101101100101010001111100010001100111011010111001010110101011111100011101011011111010111011000001110010010001010011111000000100101001
1001111101010111110111100010110101000010001011010100010110110011101111001011110101
10011101101010110111101111110110110011101111111100110011100100000101110111010111101001010011110111001001100100111110110110101111100011011011111111000101111001110011111111001011110010110011110011101000001011111010110111101101011111000111001011110101
110110100001000111110110101111101111011011111010111110110101111110000000010
11001000011001011111010111110001110010110111110100001111100111111011001000010111110000110010111101011111111000111101011110010011110111111000110101011111100100110010011111011000010
00111101101001110011010001101010000101011011111010111011110101010100011111011101100011011000010010
1100100101101001101111101000101011111010011001010011111011111100011110011001011010100001100111000010011011111010000101001110110100011111101000000101100011010100001000111111100111110101111000011010100101001
1001110110101000010111011101011111010110111111101100110010110101101010100001001111101001011000010100100110100100111101111110
1111101110110011111000011001000100011100111110011100001100100010101110
11011010000100011111001101100011110000010011101101011110100111011010100011101100101100010
11001000010111111010010010110101101011111000100010100110011111100111011111101011111101111101110110010011100100000101110
100111110100101000010001101101111101011111001000011101111010001000101101011011111010000100010110101000101101100111011110010111101011001110111111110011100100101101001100111100111010
11000101111001001111011010011111001110101111100010001101101111101011101110100010110101000111001001000001001111101100001011011111100000010
1101101000010001111100110110001111000001001110110101111010111100111101100101100010
11111100100010101111111101001110011101011111011111101111110110110011101111111100111001001011010100110001100101001100
1001111101001010000100011011011111010111110010000111011110100010001011010110111110100011000100001011111001001100101111010110110111110101111000110110101111110001001
11000101111001110011001011001111001111001000011111100110010101000110011001110100001010111111000000110110101100111100101110011110011001010111111000101101111101011111111101001111110001001
1111101111011010000111101000010
110110100001000111110110111111000111111110000101011011111010111
11001100111101110111101001101101101001100111010111110001111100110100000101001111101001111110001001001111111000111101011110010000101101111001000010110111001000011101111010001000101101
1100111011111101010001010011101111111100110110111110101111000010001101000010001
011001100101100101101111101011101000101101010000000111110010001011001100111110101111001111100110110011101111111100110011111000110111001111011010100001001111111010011101111001011110101010001011010100011011111111010010100010011101001100
11001100111100111111101110010110101000010100110011101111111100110011101101011000111101001110111111001101101111110
11111100001010001011101110111110010111101011111010111100111110011011001110010000010
11101111011011010000100011111001101100011110000010011101101011110100111011010100011101100101100010
11001000010111111010010010110101101011111000100010100110011111100111011111101011111101111101110110010011100100000101110
100111110100101000010001101101111101011111001000011101111010001000101101011011111010000100010110101000101101100111011110010111101011001110111111110011100100101101001100111100111010
11000101111001001111011010011111001110101111100010001101101111101011101110100010110101000111001001000001001111101100001011011111100000010
1101101000010001111100110110001111000001001110110101111010111100111101100101100010
11111100100010101111111101001110011101011111011111101111110110110011101111111100111001001011010100110001100101001100
1001111101001010000100011011011111010111110010000111011110100010001011010110111110100011000100001011111001001100101111010110110111110101111000110110101111110001001
11000101111001110011001011001111001111001000011111100110010101000110011001110100001010111111000000110110101100111100101110011110011001010111111000101101111101011111111101001111110001001
111110111101101000011110100001011110111101111011110111101101111011
111110111101101000011110100001011110111101111011110111101101111011
111110111101101000011110100001011110111101111011110111101101111011
11111011110110100001111010000101111101111011010000111101000010