00011010110011000110000101111010011101
10000111001100111100111000010000011111011101100000001111110100011111011001111100101011101110001100110010000110111110101111011011100110111110111010011110001111011010001111111010101000110011101101010
010001111111000100110010110111011011001011011101111010100001100000001111110
01000011011110111110110011101010000111000100101000100111011111011110111001111111111111111001111101010111101000100011011100011011101110010010011100010100011001000000001001111001000010110011111000111010001000110111000110100000001111110
00011010110011000101110111000000111010011110000011011100110110011101
1000100111000000001110111000110100011111000111010000100011000111111011011100100111000000011111101100100100001111000100111000001001011100101111001111010101111010001100100101
011100000110100000111001010111001011101101111010011110000001111110101110111000000011111111101101101101
1000100101101111110001110111111100010100101010000000100101110010000101111101010110010100100101111110001110110101000011010111000011101011001111111110101011001101100010001111001101111110101101010
01000011011101101111101111011100011101000111000111110001111101111101011101101000001110110110010010101001110010110100001110011110
110000000111111001001110000110011010000010000100111000011010111110
00011010110011000111111011010011001101000011010010100001101110111110100001111101
100010011111001111001010010110101110111000110011010101111110001000010011110011110110000000111101010001001110111110
01000101010101100110111010011110010001001111110001110111011110111111000111011011001011011101111010100001100000001111110010000111000101000100101101011110010000101
100100111000100111000001101000010000111011100011001101110100111100000010110010110111011111010110110011010001100100101000100110011101
00011010110011000111111011010011001101000011010011110001011110100001111101
11000100110101110011110010100001110111000000111101100111010100001110001010001001011010101101100010101111
0100010101010110011011101001111001000100111111000111011101111011111100011101100100110110111001111111010000000111111011101001111001101000110111001101010
100100111000101000010011110010000010100111100010010101110110000100111010110101110011010110111010111100110111110000001001010111001101111010011110011001111111111001101010
1100000011101100110011101101
0001101011001100010001001011100110011011011110100111100
1000010111101111000101011101111111111000011101110001100011111101001110101000101011000110111111101100100100001111000101001111101111101010110111110100010011111100011101110111101
1000000100111111111101010000111000101110100111100110110101110010101100110
01111100001111111010011110010110010110111011001111001111111010110000100011110001000111111001000011100010010001011100000001110000011011101101000000101000011000000011111101011001011011101000111001111111111111111101000010101111
100001011110000000111110101011101110110101001000011100010010000110110010000101000010011111101110011110
110011011011101111000000000010000000111111000111100010001111110010100010011101
1111000100011010110011000111111011010011001101000011010010100001101110111110100001111101
100010011111001111001010010110101110111000110011010101111110001000010011110011110110000000111101010001001110111110
01000101010101100110111010011110010001001111110001110111011110111111000111011011001011011101111010100001100000001111110010000111000101000100101101011110010000101
100100111000100111000001101000010000111011100011001101110100111100000010110010110111011111010110110011010001100100101000100110011101
00011010110011000111111011010011001101000011010011110001011110100001111101
11000100110101110011110010100001110111000000111101100111010100001110001010001001011010101101100010101111
0100010101010110011011101001111001000100111111000111011101111011111100011101100100110110111001111111010000000111111011101001111001101000110111001101010
100100111000101000010011110010000010100111100010010101110110000100111010110101110011010110111010111100110111110000001001010111001101111010011110011001111111111001101010
110000001110110011001110110100100100100100100010001
110000001110110011001110110100100100100100100010001
110000001110110011001110110100100100100100100010001
11000000111011001100111011011100000011101100110011101101